chr1	3738397	3739096	1
chr1	6217362	6217687	1
chr1	6942797	6943170	1
chr1	6943216	6943462	1
chr1	8007911	8008229	1
chr1	8724753	8725184	1
chr1	9411643	9412114	1
chr1	9933063	9933434	1
chr1	11357109	11357477	1
chr1	11466967	11467471	1
chr1	12468322	12468945	1
chr1	12468993	12469573	1
chr1	12532305	12532646	1
chr1	12582869	12583146	1
chr1	12583195	12583531	1
chr1	15247556	15247921	1
chr1	15428760	15429031	1
chr1	15484051	15484302	1
chr1	17728413	17728895	1
chr1	18564923	18565166	1
chr1	18565212	18565544	1
chr1	19625976	19626659	1
chr1	19781095	19781593	1
chr1	19795362	19796204	1
chr1	20555901	20556210	1
chr1	20556404	20556799	1
chr1	21068889	21069248	1
chr1	21742775	21743136	1
chr1	22668930	22669143	1
chr1	22671614	22672190	1
chr1	25955992	25956534	1
chr1	30548477	30549089	1
chr1	31614040	31614663	1
chr1	32080771	32081121	1
chr1	36442143	36442472	1
chr1	37276638	37277271	1
chr1	37733927	37734190	1
chr1	38361862	38362226	1
chr1	38659271	38659520	1
chr1	39493476	39494053	1
chr1	42016465	42016969	1
chr1	42098304	42098920	1
chr1	42099816	42100040	1
chr1	42100089	42100420	1
chr1	42104153	42104402	1
chr1	42104546	42104832	1
chr1	42106319	42106942	1
chr1	44022083	44022459	1
chr1	45057466	45057785	1
chr1	45755316	45755746	1
chr1	45756961	45757822	1
chr1	46995784	46996428	1
chr1	51559526	51560150	1
chr1	54254570	54254849	1
chr1	58811341	58811629	1
chr1	61454152	61454594	1
chr1	61454641	61454858	1
chr1	61880887	61881410	1
chr1	65221061	65221806	1
chr1	65282537	65283089	1
chr1	66504156	66504875	1
chr1	71686898	71687370	1
chr1	74890862	74891210	1
chr1	76297823	76298227	1
chr1	77182528	77182847	1
chr1	77182923	77183275	1
chr1	79599296	79600000	1
chr1	84998118	84998480	1
chr1	85536038	85536711	1
chr1	86069242	86069577	1
chr1	88073436	88073724	1
chr1	88531973	88532257	1
chr1	93232787	93233403	1
chr1	94017564	94018078	1
chr1	100204027	100204334	1
chr1	108100621	108100914	1
chr1	108280873	108281187	1
chr1	108543340	108543959	1
chr1	109220117	109220510	1
chr1	109482198	109482694	1
chr1	109495420	109495998	1
chr1	109496330	109496639	1
chr1	109584086	109584510	1
chr1	109584557	109584869	1
chr1	111857346	111858081	1
chr1	113599683	113600048	1
chr1	114320191	114320505	1
chr1	114320635	114321480	1
chr1	116058717	116059125	1
chr1	116159578	116159899	1
chr1	116656272	116656571	1
chr1	117010848	117011138	1
chr1	117934490	117935043	1
chr1	117935978	117936669	1
chr1	145476802	145477229	1
chr1	145607856	145608214	1
chr1	148255657	148256733	1
chr1	149246684	149247586	1
chr1	149821327	149821976	1
chr1	150028957	150029369	1
chr1	150286679	150287105	1
chr1	150981593	150982910	1
chr1	151734296	151734738	1
chr1	152429653	152430132	1
chr1	152568390	152568821	1
chr1	152568869	152569081	1
chr1	154852510	154853192	1
chr1	158297115	158297343	1
chr1	158297745	158297993	1
chr1	159354956	159355703	1
chr1	160395775	160396311	1
chr1	160402015	160402651	1
chr1	160404550	160404971	1
chr1	160521779	160521994	1
chr1	162984070	162984785	1
chr1	167142814	167143635	1
chr1	167765273	167765751	1
chr1	175683982	175684391	1
chr1	175684441	175684906	1
chr1	175684953	175685234	1
chr1	175821282	175821739	1
chr1	176891590	176891810	1
chr1	176961833	176962252	1
chr1	178402974	178403893	1
chr1	178409781	178410450	1
chr1	178464183	178464931	1
chr1	179354716	179355202	1
chr1	180363943	180364194	1
chr1	180364371	180364809	1
chr1	180364857	180365077	1
chr1	180365973	180366312	1
chr1	180550672	180551327	1
chr1	180869543	180870067	1
chr1	180882297	180882723	1
chr1	181259837	181260210	1
chr1	181498626	181499138	1
chr1	181517260	181517549	1
chr1	181841842	181842158	1
chr1	182862340	182862844	1
chr1	183881464	183882276	1
chr1	184388389	184388773	1
chr1	184388826	184389149	1
chr1	193014386	193014707	1
chr1	195721523	195722014	1
chr1	198252282	198252903	1
chr1	198342947	198343381	1
chr1	199588723	199589252	1
chr1	199731154	199731625	1
chr1	199833864	199834201	1
chr1	200294198	200294568	1
chr1	200342178	200342430	1
chr1	200342431	200342768	1
chr1	200343553	200344568	1
chr1	200348501	200348893	1
chr1	200367801	200368072	1
chr1	200368433	200368686	1
chr1	200504999	200505968	1
chr1	200570880	200571657	1
chr1	201322503	201322845	1
chr1	201324679	201325621	1
chr1	201337488	201337772	1
chr1	202365759	202366019	1
chr1	202615984	202616927	1
chr1	205083763	205084122	1
chr1	205105003	205105356	1
chr1	205135251	205135463	1
chr1	205135509	205135743	1
chr1	205143248	205144256	1
chr1	207786303	207786624	1
chr1	209498547	209498924	1
chr1	210168428	210168761	1
chr1	210707067	210707459	1
chr1	210797793	210798365	1
chr1	213664779	213665093	1
chr1	213665180	213665479	1
chr1	215364432	215364929	1
chr1	216857004	216857214	1
chr1	223158405	223158754	1
chr1	225116876	225117294	1
chr1	227367932	227368560	1
chr1	227423266	227423984	1
chr1	230189299	230189908	1
chr1	231907462	231907678	1
chr1	232926227	232926453	1
chr1	232926565	232927125	1
chr1	233077993	233078453	1
chr1	233078573	233078602	1
chr1	233078603	233079050	1
chr1	243566028	243566818	1
chr21	15299592	15299977	1
chr21	15494212	15494504	1
chr21	31823514	31824304	1
chr21	34573347	34573713	1
chr21	35022589	35023149	1
chr21	35028489	35029250	1
chr21	38433699	38434527	1
chr21	40618245	40618786	1
chr21	40676306	40676831	1
chr21	41436866	41437313	1
chr21	41615921	41616149	1
chr21	41616198	41616423	1
chr21	42349453	42349768	1
chr21	42350081	42350400	1
chr21	42350574	42351037	1
chr21	42556109	42556472	1
chr21	42659564	42660180	1
chr21	42668980	42669927	1
chr21	42670022	42670157	1
chr21	44614308	44614912	1
chr21	44953994	44954291	1
chr21	44954338	44954727	1
chr21	44954800	44954852	1
chr21	45272157	45272812	1
chr21	45630886	45631618	1
chr22	16926135	16926427	1
chr22	19571802	19572458	1
chr22	19601001	19601220	1
chr22	21582220	21582719	1
chr22	22827200	22827803	1
chr22	23029093	23029785	1
chr22	27539646	27540098	1
chr22	27545431	27545760	1
chr22	27548885	27549341	1
chr22	28111406	28112097	1
chr22	28112354	28112396	1
chr22	28242865	28243985	1
chr22	28524561	28525398	1
chr22	30311857	30312657	1
chr22	36295961	36296746	1
chr22	39458424	39459143	1
chr22	41460344	41460747	1
chr22	41719736	41720239	1
chr22	42117387	42117942	1
chr22	45266499	45266988	1
chr22	49182219	49182624	1
chr3	4730482	4731173	1
chr3	4994055	4994416	1
chr3	4994463	4994901	1
chr3	8473344	8473809	1
chr3	13233268	13233622	1
chr3	13492343	13492951	1
chr3	15309393	15310173	1
chr3	18177821	18178103	1
chr3	20202956	20203358	1
chr3	24285425	24285748	1
chr3	29457082	29457449	1
chr3	30371209	30371949	1
chr3	39436264	39436613	1
chr3	42096668	42097004	1
chr3	42560947	42561184	1
chr3	42561231	42561582	1
chr3	43201857	43202190	1
chr3	43202238	43202712	1
chr3	43231324	43231562	1
chr3	43786423	43787203	1
chr3	46682101	46682593	1
chr3	47459906	47460644	1
chr3	50617476	50618480	1
chr3	52441503	52442016	1
chr3	53528024	53528687	1
chr3	58001953	58002616	1
chr3	58057588	58057950	1
chr3	58349474	58349696	1
chr3	59624538	59624879	1
chr3	59625049	59625473	1
chr3	63873856	63874526	1
chr3	63874581	63875291	1
chr3	63880616	63881013	1
chr3	63893429	63893530	1
chr3	63893753	63894318	1
chr3	64451978	64452215	1
chr3	65649971	65650526	1
chr3	66548937	66549612	1
chr3	66562240	66562526	1
chr3	66608312	66609592	1
chr3	66610216	66610580	1
chr3	71242593	71243213	1
chr3	71340434	71340761	1
chr3	101305254	101305759	1
chr3	101305805	101306172	1
chr3	109025968	109026462	1
chr3	109027770	109027877	1
chr3	109028094	109028387	1
chr3	109187944	109189210	1
chr3	121551050	121551559	1
chr3	124864806	124865131	1
chr3	124865179	124865430	1
chr3	126264060	126264280	1
chr3	126264488	126265082	1
chr3	140514831	140515577	1
chr3	142143072	142143307	1
chr3	147294502	147294852	1
chr3	151438619	151439553	1
chr3	151642683	151642950	1
chr3	151937785	151938077	1
chr3	151938132	151938533	1
chr3	151956776	151957533	1
chr3	152044691	152045738	1
chr3	152995856	152996235	1
chr3	157742667	157743096	1
chr3	157743146	157743362	1
chr3	158013018	158013693	1
chr3	162231536	162231819	1
chr3	162539854	162540241	1
chr3	162602978	162603738	1
chr3	162613088	162613420	1
chr3	170153993	170154523	1
chr3	170284092	170284386	1
chr3	170284448	170284689	1
chr3	176059904	176060265	1
chr3	176327517	176328092	1
chr3	176336619	176337275	1
chr3	178154161	178154547	1
chr3	178396578	178396923	1
chr3	183051534	183051830	1
chr3	183725387	183725914	1
chr3	187973189	187973951	1
chr3	189236983	189237297	1
chr3	189483214	189483703	1
chr3	189483750	189484178	1
chr3	189505801	189506054	1
chr3	190299034	190299629	1
chr3	190299679	190299892	1
chr3	190504870	190505415	1
chr3	190764506	190765056	1
chr3	191042972	191043860	1
chr3	191144900	191145134	1
chr3	191786886	191787383	1
chr3	193265842	193266070	1
chr3	193797963	193798418	1
chr3	194052323	194052828	1
chr3	195079942	195079991	1
chr3	195080119	195080715	1
chr3	195350807	195351214	1
chr3	195359204	195360119	1
chr3	195696936	195697290	1
chr3	196006680	196007334	1
chr3	196007382	196007660	1
chr3	196007706	196007974	1
chr3	197122733	197123183	1
chr3	197498413	197498948	1
chr3	197498994	197499289	1
chr3	198563835	198564600	1
chr6	1557223	1557555	1
chr6	1586267	1586592	1
chr6	3171785	3172100	1
chr6	3172151	3172378	1
chr6	3663204	3663527	1
chr6	3693567	3694407	1
chr6	6704080	6704474	1
chr6	7007690	7008165	1
chr6	7363483	7363917	1
chr6	7364306	7364730	1
chr6	10531219	10531779	1
chr6	10531877	10532381	1
chr6	10706548	10706931	1
chr6	11498130	11498798	1
chr6	12396536	12396763	1
chr6	12396813	12397456	1
chr6	12439824	12440352	1
chr6	12451627	12452626	1
chr6	13563842	13564350	1
chr6	15144918	15145475	1
chr6	15197795	15198630	1
chr6	15329929	15330399	1
chr6	16238269	16239083	1
chr6	17497333	17497699	1
chr6	17502357	17502700	1
chr6	18163934	18164403	1
chr6	19134457	19135094	1
chr6	20400279	20400693	1
chr6	21846514	21847283	1
chr6	26134788	26135612	1
chr6	27681528	27681886	1
chr6	27899964	27900551	1
chr6	27906709	27906752	1
chr6	27906753	27907296	1
chr6	30827243	30827492	1
chr6	30827550	30827973	1
chr6	32029556	32030304	1
chr6	33276737	33277044	1
chr6	33355785	33356085	1
chr6	33792801	33793026	1
chr6	33892767	33893278	1
chr6	35388356	35388883	1
chr6	37178589	37178867	1
chr6	37645537	37645813	1
chr6	37645859	37646278	1
chr6	38337532	38338090	1
chr6	38512692	38513147	1
chr6	38868168	38868527	1
chr6	38901224	38901716	1
chr6	39169012	39169670	1
chr6	39171589	39171832	1
chr6	40982807	40983669	1
chr6	42150908	42151351	1
chr6	42302507	42303486	1
chr6	43567758	43567978	1
chr6	43568025	43568485	1
chr6	44653634	44654009	1
chr6	45630617	45631116	1
chr6	49617677	49618152	1
chr6	49743713	49744106	1
chr6	53299336	53299550	1
chr6	53299599	53300031	1
chr6	53437328	53438854	1
chr6	53667082	53667599	1
chr6	54820299	54820815	1
chr6	64202835	64203151	1
chr6	64259024	64259279	1
chr6	73794583	73795304	1
chr6	73798260	73798616	1
chr6	82582553	82582884	1
chr6	83336268	83336845	1
chr6	88340167	88340875	1
chr6	88892621	88892920	1
chr6	96751713	96752060	1
chr6	100730926	100731180	1
chr6	101842352	101842569	1
chr6	106182645	106183396	1
chr6	109135286	109135813	1
chr6	112019927	112020326	1
chr6	112020624	112021337	1
chr6	112446896	112447340	1
chr6	116501848	116502098	1
chr6	118726101	118726635	1
chr6	118953974	118954333	1
chr6	119228760	119229153	1
chr6	120046090	120046476	1
chr6	122972517	122972957	1
chr6	122983670	122984693	1
chr6	122985234	122986062	1
chr6	125560626	125561463	1
chr6	125564800	125565379	1
chr6	125567745	125568282	1
chr6	125947302	125947929	1
chr6	126080424	126081162	1
chr6	134480208	134480847	1
chr6	135573766	135574637	1
chr6	136928819	136929226	1
chr6	137766425	137766898	1
chr6	138945272	138945711	1
chr6	147558327	147558545	1
chr6	147558593	147558918	1
chr6	149133371	149133757	1
chr6	149133803	149134097	1
chr6	149442910	149443283	1
chr6	150082118	150082560	1
chr6	152021107	152021347	1
chr6	152170248	152170484	1
chr6	152454393	152454888	1
chr6	154530361	154530824	1
chr6	154813110	154813509	1
chr6	157115267	157115851	1
chr6	157189617	157190541	1
chr6	158326933	158327340	1
chr6	159046193	159046280	1
chr6	167283837	167284098	1
chr6	167453701	167454064	1
chr6	170377465	170378236	1
chrX	9135045	9135477	1
chrX	9961238	9961522	1
chrX	12957144	12957861	1
chrX	16545172	16545822	1
chrX	16590105	16590730	1
chrX	17753596	17754026	1
chrX	17754072	17754503	1
chrX	22045823	22046134	1
chrX	66831936	66832293	1
chrX	66832444	66832687	1
chrX	66832898	66833118	1
chrX	66833119	66833397	1
chrX	84499671	84500036	1
chrX	95548803	95549207	1
chrX	99887357	99888150	1
chrX	100549153	100549652	1
chrX	102118529	102118865	1
chrX	114831351	114831916	1
chrX	139401733	139402506	1
chrX	147522482	147522851	1
chrX	151815054	151815270	1
chrX	151815391	151815644	1
chrX	153039915	153040743	1
chrX	153422262	153422832	1
chrX	153423168	153423475	1
